lobby:
  position:
      x: -7.669204155734443
      y: -4.846544495548607
      z: 0.0
  orientation:
      x: 0.0
      y: 0.0
      z: 0.8046405650984028
      w: 0.5937622091360505
      