lobby:
  position:
      x: -9.99585395604577
      y: -7.024724457199762
      z: 0.0
  orientation:
      x: 0.0
      y: 0.0
      z: -0.9748018730877958
      w: 0.22307242820331916
      