lobby:
  position:
      x: 7.905470613274474
      y: -6.855439161351171
      z: 0.0
    orientation:
      x: 0.0
      y: 0.0
      z: -0.45023548098071003
      w: 0.8929098564054877